MeshAnim
1
60
53
30
-0.03773475 -0.9971609 -0.06516387 0
0.9563994 -0.01713909 -0.2915585 0
0.2896139 -0.07332459 0.9543309 0
-0.0008736009 0.8346453 -0.03777146 1

-0.19943 -0.9791409 -0.03886753 0
0.8848333 -0.1628944 -0.4365034 0
0.421067 -0.1214432 0.8988626 0
0.005911092 1.013934 -0.02605505 1

0.1107738 0.9719849 -0.2073014 0
0.9083051 -0.1836075 -0.3755268 0
-0.4031048 -0.1467075 -0.903279 0
-0.07123867 0.9000093 -0.00615002 1

-0.2785469 0.9493055 -0.1457058 0
0.9245489 0.2240326 -0.3078456 0
-0.2596201 -0.2204815 -0.9401676 0
0.07726509 0.897348 -0.05142142 1

-0.1497922 -0.97497 0.1643039 0
0.8518341 -0.211623 -0.47916 0
0.5019372 0.0681852 0.8622121 0
0.03589439 1.161143 -0.02021152 1

0.2737411 0.8930964 0.356961 0
0.9045028 -0.112979 -0.4109283 0
-0.3266845 0.4354355 -0.838823 0
-0.1230308 0.4455584 0.09077355 1

0.01958202 0.9153643 0.4021167 0
0.9263552 0.1345483 -0.3514472 0
-0.3758512 0.3794581 -0.8453999 0
0.2074997 0.4535008 0.01670319 1

-0.2483307 -0.9516444 0.1808449 0
0.7730207 -0.3071956 -0.5550403 0
0.5837557 0.001963316 0.8119268 0
0.05722587 1.299986 -0.04360955 1

-0.2833445 0.5515477 -0.7845194 0
0.9113149 -0.09958822 -0.3991733 0
-0.2983342 -0.8281706 -0.4744439 0
-0.2250928 0.1125746 -0.04231661 1

-0.3539885 0.5514817 -0.7553324 0
0.9266033 0.09796055 -0.3627181 0
-0.1260156 -0.8284053 -0.5457314 0
0.2001987 0.1122148 -0.1332228 1

-0.2013689 -0.9735448 -0.1079865 0
0.9405066 -0.1613687 -0.2990107 0
0.2736746 -0.1617735 0.9481198 0
0.1089139 1.498063 -0.08125099 1

0.8028679 -0.1462184 -0.5779472 0
-0.589874 -0.05446849 -0.805656 0
0.08632174 0.9877518 -0.1299816 0
0.1089139 1.498063 -0.08125099 1

-0.6441106 0.4564546 0.6138166 0
0.6758109 -0.03632823 0.7361793 0
0.3583311 0.8890048 -0.2850776 0
0.1089139 1.498063 -0.08125099 1

-0.3970795 0.08999471 -0.9133244 0
-0.9176584 -0.03497572 0.3955279 0
0.003694024 0.9953226 0.0964532 0
-0.1764238 0.01783769 0.09243692 1

-0.3654031 0.08981445 -0.9264719 0
-0.9283125 0.03661081 0.3696784 0
0.06706595 0.9952773 0.07000983 0
0.2610018 0.01748915 -0.003482608 1

-0.00625998 -0.9986302 -0.05194893 0
0.9999748 -0.006076708 -0.003686611 0
0.003365741 -0.05197074 0.9986428 0
0.1226147 1.564301 -0.07390381 1

0.7500163 0.6374431 -0.1764702 0
-0.3879755 0.6400806 0.6631528 0
0.5356773 -0.4289097 0.7273831 0
-0.03758716 1.455995 0.03091082 1

-0.1003471 0.7291467 0.6769605 0
-0.7214446 -0.5218697 0.4551588 0
0.6851627 -0.4427159 0.578407 0
0.1989399 1.356389 -0.1686373 1

-0.001268551 0.3577141 -0.9338302 0
0.9999747 -0.006077125 -0.003686399 0
-0.006993585 -0.9338114 -0.3576972 0
0.1226147 1.564301 -0.07390381 1

-0.2302373 0.7349494 -0.6378403 0
-0.03618573 0.6485302 0.7603279 0
0.9724613 0.1981366 -0.1227212 0
-0.2232425 1.298205 0.07459331 1

-0.7000542 0.3377267 -0.6291779 0
-0.5908417 -0.7687694 0.2447439 0
-0.4010363 0.5430788 0.7377232 0
0.2237792 1.175899 -0.3362088 1

-0.4593165 0.001762379 -0.8882706 0
0.8843377 0.09493128 -0.4570945 0
0.08351902 -0.9954825 -0.04516181 0
-0.1600043 1.09634 0.2497858 1

-0.9740181 -0.01347653 0.2260693 0
-0.2241823 -0.08416465 -0.9709064 0
0.03211184 -0.996361 0.0789566 0
0.4160599 1.083137 -0.1633954 1

-0.4728825 -0.005171393 -0.8811099 0
0.8603365 0.2132274 -0.4629852 0
0.190271 -0.976989 -0.09638216 0
-0.06347018 1.089988 0.355215 1

-0.8502175 0.5108989 -0.1269337 0
-0.3756754 -0.7577482 -0.533559 0
-0.3687791 -0.405956 0.8361828 0
-0.1212492 1.089541 0.2720261 1

-0.3105265 -0.07788603 -0.9473682 0
0.9454365 0.07807589 -0.3163122 0
0.09860289 -0.9939006 0.04939196 0
-0.09250372 1.093886 0.3681797 1

-0.1061439 -0.03740427 -0.9936471 0
0.9932205 0.04364561 -0.1077415 0
0.04739832 -0.9983469 0.03251822 0
-0.1220626 1.095007 0.3744635 1

0.05704372 0.1892192 -0.9802764 0
0.9960528 0.05609638 0.06878934 0
0.0680062 -0.9803316 -0.1852721 0
-0.1516762 1.094733 0.3747143 1

-0.928248 0.335312 0.1610011 0
-0.2274117 -0.1690765 -0.9590085 0
-0.2943448 -0.9268114 0.2331987 0
0.5589835 1.078486 -0.1583226 1

-0.7624901 0.3664298 -0.5332336 0
0.5260623 0.8309072 -0.1812502 0
0.376652 -0.418716 -0.8263236 0
0.4582007 1.07665 -0.1483991 1

-0.8567511 0.4061183 0.317877 0
-0.3652508 -0.04266106 -0.9299312 0
-0.3641006 -0.9128246 0.1848848 0
0.5499817 1.082698 -0.1887767 1

-0.7546796 0.4643743 0.4634826 0
-0.5287215 -0.01217538 -0.8487083 0
-0.3884746 -0.8855559 0.2547129 0
0.5355878 1.084012 -0.215339 1

-0.6558543 0.5091605 0.5573251 0
-0.6635163 -0.03673464 -0.7472596 0
-0.3600013 -0.8598875 0.3619286 0
0.5165835 1.08382 -0.2380523 1

-0.4460692 0.003800747 -0.8949901 0
0.8509459 0.3116669 -0.4227938 0
0.2773317 -0.950184 -0.1422589 0
-0.04370808 1.090204 0.3920371 1

-0.8677011 0.4970129 -0.008508667 0
-0.1405361 -0.2616997 -0.9548623 0
-0.476806 -0.8273399 0.2969258 0
-0.07358611 1.0609 0.2791419 1

-0.3096443 -0.04685839 -0.9496969 0
0.9454471 0.09117146 -0.3127571 0
0.1012403 -0.9947324 0.01607167 0
-0.07892457 1.097292 0.4096076 1

-0.1004075 0.01261646 -0.9948664 0
0.9931657 0.06106883 -0.09946167 0
0.05950041 -0.9980541 -0.01866177 0
-0.1177061 1.096542 0.4152464 1

0.05648561 0.0009777568 -0.9984027 0
0.9947782 0.08508396 0.05636345 0
0.08500306 -0.9963737 0.003833589 0
-0.1535056 1.088664 0.4061522 1

-0.8100754 0.5773712 0.1020795 0
-0.2930116 -0.2478453 -0.9234268 0
-0.5078595 -0.7779559 0.3699499 0
0.5977759 1.064473 -0.165051 1

-0.6689535 0.3446704 -0.6585618 0
0.7432966 0.3141166 -0.5906272 0
0.003293761 -0.8846093 -0.4663218 0
0.5009459 1.056108 -0.118506 1

-0.7331233 0.6285976 0.2596073 0
-0.3732882 -0.05284075 -0.9262094 0
-0.5684946 -0.7759342 0.2733867 0
0.5874473 1.064938 -0.2026775 1

-0.6572173 0.6301834 0.4134437 0
-0.5459921 -0.01992156 -0.8375537 0
-0.5195754 -0.7761912 0.3571678 0
0.5665628 1.064952 -0.2343621 1

-0.5669426 0.646827 0.5100899 0
-0.6946248 -0.0425306 -0.7181137 0
-0.4428005 -0.7614505 0.4734145 0
0.537617 1.06749 -0.255926 1

-0.417315 -0.04932158 -0.9074216 0
0.8297561 0.3865391 -0.4026071 0
0.3706112 -0.9209533 -0.1203834 0
-0.02746985 1.090066 0.4246172 1

-0.881948 0.4614567 -0.09604384 0
-0.050244 -0.2946453 -0.9542843 0
-0.4686603 -0.8368045 0.2830479 0
-0.03357809 1.037984 0.2795342 1

-0.3193024 -0.07893355 -0.9443595 0
0.940334 0.09721943 -0.3260674 0
0.1175476 -0.9921283 0.04318174 0
-0.06712981 1.099077 0.4457831 1

-0.1090229 -0.000854485 -0.9940386 0
0.9919493 0.06471722 -0.1088498 0
0.06442435 -0.9979036 -0.006207911 0
-0.1141164 1.096091 0.4508151 1

0.04046918 -0.2666838 -0.9629338 0
0.9970983 0.07296342 0.02169758 0
0.06447244 -0.9610188 0.2688629 0
-0.1550836 1.088637 0.4340435 1

-0.6857316 0.7276618 0.01675618 0
-0.3461614 -0.3057909 -0.886941 0
-0.6402685 -0.6140039 0.461579 0
0.6272647 1.043455 -0.1687669 1

-0.7161452 0.2921728 -0.6338543 0
0.6977638 0.3207508 -0.6405034 0
0.016172 -0.9009743 -0.4335718 0
0.53179 1.040216 -0.08814103 1

-0.612061 0.7690965 0.1840457 0
-0.3682503 -0.07122973 -0.9269939 0
-0.6998376 -0.6351518 0.3268169 0
0.615373 1.040994 -0.2125662 1

-0.5843864 0.729518 0.3553832 0
-0.5449064 -0.02826186 -0.8380206 0
-0.6013067 -0.6833779 0.4140346 0
0.5900596 1.042421 -0.2491436 1

-0.5217812 0.7125851 0.4690069 0
-0.6956922 -0.03725353 -0.717373 0
-0.4937168 -0.7005962 0.5151782 0
0.5534551 1.049421 -0.2701758 1

-0.06276961 -0.9964201 -0.05663086 0
0.9474508 -0.04165827 -0.3171774 0
0.3136828 -0.07356407 0.9466739 0
-0.01662585 0.8347104 -0.03280455 1

-0.2123363 -0.9768467 -0.02614687 0
0.8718423 -0.1772907 -0.4565733 0
0.4413665 -0.119743 0.8893015 0
-0.005339913 1.013866 -0.02262237 1

0.09179564 0.97554 -0.1997367 0
0.9016169 -0.16651 -0.3988881 0
-0.4224274 -0.1434827 -0.8949287 0
-0.08455885 0.9019288 0.0002164372 1

-0.296873 0.944701 -0.1393049 0
0.9134543 0.238487 -0.3293562 0
-0.2779457 -0.2250459 -0.9338255 0
0.06255542 0.8954604 -0.04903291 1

-0.1541868 -0.9723376 0.1754597 0
0.8384029 -0.2227177 -0.4974711 0
0.5227878 0.07040241 0.8495507 0
0.02658379 1.16073 -0.01869132 1

0.2616304 0.8937365 0.3643635 0
0.9050599 -0.09615912 -0.4139705 0
-0.3349633 0.4381547 -0.834129 0
-0.1274777 0.4458158 0.09360313 1

0.003077297 0.9161644 0.4007583 0
0.9232111 0.1512563 -0.3529239 0
-0.3840027 0.3711415 -0.8454282 0
0.2013584 0.4537661 0.01609896 1

-0.2452204 -0.9500497 0.1930615 0
0.7600207 -0.312022 -0.5700972 0
0.60186 0.006931164 0.7985714 0
0.04854107 1.299198 -0.04367801 1

-0.2829596 0.5515012 -0.7846916 0
0.9115194 -0.09959482 -0.3987032 0
-0.2980775 -0.828202 -0.474551 0
-0.2250243 0.1125933 -0.04224702 1

-0.3535451 0.5514916 -0.7555324 0
0.92682 0.0979702 -0.3621631 0
-0.1256859 -0.8283965 -0.5458208 0
0.2002111 0.1121816 -0.1333205 1

-0.2144237 -0.9716311 -0.09977867 0
0.9349981 -0.1746412 -0.308673 0
0.2824907 -0.1594797 0.9459202 0
0.09958175 1.496943 -0.08386222 1

0.7897772 -0.1516481 -0.5943523 0
-0.6074939 -0.05931014 -0.7921067 0
0.0848704 0.9866536 -0.1389673 0
0.09958175 1.496943 -0.08386222 1

-0.6294026 0.4615846 0.6251337 0
0.6923294 -0.03223778 0.7208609 0
0.3528912 0.8865104 -0.2992782 0
0.09958175 1.496943 -0.08386222 1

-0.39662 0.08993892 -0.9135296 0
-0.9178584 -0.03496953 0.3950617 0
0.003624685 0.9953291 0.096402 0
-0.1764214 0.01786439 0.09253611 1

-0.3648546 0.08982791 -0.9266869 0
-0.9285343 0.03660094 0.3691249 0
0.06701741 0.9952757 0.07006826 0
0.260938 0.0174544 -0.003545986 1

-0.02879023 -0.9982387 -0.05187203 0
0.9995798 -0.02857859 -0.004818583 0
0.003327688 -0.05198906 0.998642 0
0.1141707 1.563051 -0.07707349 1

0.7632174 0.6210309 -0.1783807 0
-0.3718711 0.647947 0.6647378 0
0.5284039 -0.4410053 0.7254678 0
-0.04448254 1.455916 0.03178727 1

-0.1199182 0.7588042 0.6401842 0
-0.7114235 -0.5154477 0.4776925 0
0.6924564 -0.3981583 0.6016425 0
0.1874163 1.354543 -0.1722923 1

0.005722962 0.3576106 -0.9338534 0
0.9995799 -0.028579 -0.004818517 0
-0.0284117 -0.9334335 -0.3576238 0
0.1141707 1.563051 -0.0770735 1

-0.2025039 0.7466134 -0.633688 0
-0.02572403 0.6428162 0.765588 0
0.9789433 0.1713357 -0.1109671 0
-0.2334057 1.302189 0.07594269 1

-0.7037916 0.3051119 -0.6415482 0
-0.5726634 -0.7780735 0.2581822 0
-0.4203974 0.5490981 0.7223281 0
0.2171002 1.166712 -0.3307604 1

-0.4863315 0.02705136 -0.873355 0
0.8702937 0.1041238 -0.4814017 0
0.07791432 -0.9941967 -0.07418116 0
-0.1777848 1.09712 0.2499948 1

-0.9737359 -0.03178059 0.225451 0
-0.2219443 -0.08835804 -0.9710478 0
0.0507811 -0.9955821 0.07898376 0
0.4104072 1.082908 -0.1545493 1

-0.5012755 0.03598476 -0.8645386 0
0.8476354 0.2212071 -0.4822674 0
0.1738877 -0.9745628 -0.1413875 0
-0.07809021 1.087627 0.3521972 1

-0.8515581 0.5169781 -0.08707371 0
-0.3950402 -0.7419456 -0.5417193 0
-0.3446615 -0.4269083 0.836037 0
-0.1383948 1.089598 0.2708432 1

-0.3396154 -0.05314082 -0.9390617 0
0.9355952 0.08340473 -0.3430817 0
0.09655368 -0.9950984 0.02139288 0
-0.1066959 1.091274 0.3661482 1

-0.1367949 -0.009673128 -0.9905521 0
0.9896211 0.04309469 -0.1370876 0
0.04401352 -0.9990246 0.003677657 0
-0.1360431 1.092327 0.3733662 1

0.03138246 0.1907813 -0.9811307 0
0.9977142 0.0527941 0.04217834 0
0.05984472 -0.9802123 -0.1886881 0
-0.165636 1.092147 0.3745207 1

-0.9403937 0.2979649 0.1639396 0
-0.2227251 -0.1753 -0.9589908 0
-0.2570066 -0.9383431 0.2312152 0
0.5533898 1.080944 -0.1493858 1

-0.7686476 0.3519012 -0.5341778 0
0.5105339 0.8406246 -0.1808472 0
0.3854025 -0.4117241 -0.825802 0
0.4526531 1.077214 -0.1395262 1

-0.86708 0.3827097 0.3189136 0
-0.3640681 -0.04984136 -0.9300379 0
-0.3400388 -0.9225238 0.1825488 0
0.5443299 1.084986 -0.1798457 1

-0.7601036 0.4593253 0.4596344 0
-0.5269811 -0.0218961 -0.8495948 0
-0.3801757 -0.8879988 0.258699 0
0.5299308 1.086029 -0.2064172 1

-0.6607985 0.5121887 0.5486426 0
-0.6601949 -0.04890392 -0.7495006 0
-0.3570544 -0.85748 0.3704599 0
0.5109476 1.08548 -0.2291424 1

-0.4758572 0.0495139 -0.8781271 0
0.8409487 0.3180515 -0.4377768 0
0.2576135 -0.9467798 -0.1929856 0
-0.05714149 1.086123 0.3883269 1

-0.8626641 0.5055484 0.01518381 0
-0.1589719 -0.2425252 -0.957031 0
-0.4801435 -0.8280112 0.2895862 0
-0.0906565 1.060616 0.2757244 1

-0.3377792 -0.03103726 -0.940713 0
0.9357667 0.09640689 -0.339184 0
0.1012184 -0.9948582 -0.003520481 0
-0.09184463 1.093598 0.4072129 1

-0.1308792 0.04027308 -0.99058 0
0.9898964 0.06028367 -0.1283384 0
0.05454708 -0.9973689 -0.04775602 0
-0.1304286 1.092724 0.414022 1

0.02981455 0.003946167 -0.9995474 0
0.9961954 0.08180715 0.03003699 0
0.0818885 -0.9966409 -0.001491979 0
-0.1666425 1.086028 0.405986 1

-0.8324943 0.543839 0.1057927 0
-0.285057 -0.2567119 -0.9234942 0
-0.4750734 -0.7989611 0.3687363 0
0.5926897 1.068492 -0.156237 1

-0.6740837 0.3316469 -0.6600165 0
0.7383615 0.3277125 -0.5894295 0
0.02081345 -0.8846556 -0.465781 0
0.4957434 1.057487 -0.1095803 1

-0.7468572 0.6120585 0.2599799 0
-0.3718288 -0.06024328 -0.9263445 0
-0.5513142 -0.7885152 0.272574 0
0.582247 1.06825 -0.1937915 1

-0.6586225 0.633884 0.4054737 0
-0.5444614 -0.02950019 -0.8382668 0
-0.5194016 -0.7728661 0.3645547 0
0.5611281 1.067177 -0.2252822 1

-0.5654392 0.6594983 0.4953195 0
-0.6924478 -0.05330953 -0.719495 0
-0.4481001 -0.749814 0.4868116 0
0.5321398 1.069054 -0.2467376 1

-0.4498903 0.0007802966 -0.8930826 0
0.821613 0.3923427 -0.4135448 0
0.3500718 -0.919819 -0.1771522 0
-0.03981895 1.08432 0.420293 1

-0.8743275 0.477198 -0.08850185 0
-0.05785634 -0.283532 -0.9572153 0
-0.4818747 -0.8318003 0.2755092 0
-0.05088074 1.037307 0.2750242 1

-0.3461405 -0.07213327 -0.935405 0
0.9303086 0.1025137 -0.3521602 0
0.1212942 -0.9921131 0.03162206 0
-0.07897821 1.094781 0.4430462 1

-0.1395212 0.02674627 -0.9898576 0
0.9884079 0.06419146 -0.1375827 0
0.05986041 -0.9975793 -0.03539226 0
-0.1257494 1.091284 0.4494374 1

0.01395345 -0.262446 -0.9648455 0
0.9975469 0.06984896 -0.004573665 0
0.06859345 -0.9624158 0.2627767 0
-0.1674753 1.085918 0.4339094 1

-0.7151694 0.6986328 0.02109515 0
-0.335704 -0.3168657 -0.8870732 0
-0.6130534 -0.6414897 0.4611466 0
0.6229948 1.048694 -0.160088 1

-0.7198654 0.2780234 -0.6360005 0
0.6932662 0.3332381 -0.6390105 0
0.03428014 -0.9009197 -0.432631 0
0.5268241 1.042195 -0.07914814 1

-0.625825 0.7581763 0.1830658 0
-0.3664215 -0.07859845 -0.9271231 0
-0.6885333 -0.6472962 0.3270009 0
0.6106959 1.044936 -0.2036947 1

-0.579402 0.7396843 0.3422884 0
-0.5435976 -0.03779275 -0.8384947 0
-0.6072849 -0.6718926 0.423988 0
0.5846753 1.044514 -0.2397787 1

-0.5123565 0.7330812 0.4473073 0
-0.6943314 -0.04710063 -0.7181121 0
-0.5053654 -0.6785091 0.5331336 0
0.5479358 1.05063 -0.2605749 1

-0.08610907 -0.9951385 -0.04779816 0
0.9372535 -0.06464453 -0.3426031 0
0.3378476 -0.07430031 0.9382636 0
-0.03251711 0.8347281 -0.02783712 1

-0.2227525 -0.9747677 -0.0144627 0
0.858451 -0.1890982 -0.4767637 0
0.461999 -0.1186159 0.8789124 0
-0.01703475 1.013653 -0.01924306 1

0.07262946 0.9787045 -0.1919935 0
0.8941671 -0.1491159 -0.4218765 0
-0.4415615 -0.1410462 -0.8860354 0
-0.09803011 0.9036447 0.006545281 1

-0.3149313 0.939923 -0.1317669 0
0.9016398 0.2529784 -0.350425 0
-0.2960651 -0.2291866 -0.9272264 0
0.0475008 0.8936071 -0.046652 1

-0.1558799 -0.9702994 0.1849888 0
0.8248258 -0.2309022 -0.5160875 0
0.5434737 0.07213579 0.8363209 0
0.01645498 1.160205 -0.01706867 1

0.2493562 0.8943239 0.3714585 0
0.9053425 -0.07923982 -0.4169261 0
-0.3434572 0.440338 -0.8295124 0
-0.1319879 0.4460522 0.09631164 1

-0.01466464 0.9172695 0.3979654 0
0.9193234 0.1687538 -0.3551317 0
-0.392963 0.3607196 -0.8458214 0
0.1947469 0.4541467 0.01495546 1

-0.2391146 -0.9495741 0.2028139 0
0.7473348 -0.3133334 -0.585929 0
0.6199313 0.01146567 0.7845722 0
0.03865338 1.298382 -0.04341237 1

-0.282575 0.5514612 -0.7848583 0
0.911727 -0.09958947 -0.3982296 0
-0.2978115 -0.8282298 -0.4746688 0
-0.2249581 0.1126106 -0.0421838 1

-0.354469 0.551509 -0.7550865 0
0.9263785 0.09797497 -0.3632905 0
-0.1263537 -0.8283834 -0.5456864 0
0.2002145 0.1121503 -0.1334227 1

-0.2261327 -0.9697084 -0.0923553 0
0.9293835 -0.1863854 -0.3186013 0
0.2917366 -0.1578798 0.9433788 0
0.08842319 1.496028 -0.08562647 1

0.7770692 -0.1542294 -0.6102266 0
-0.624144 -0.06360563 -0.7787158 0
0.081287 0.9859858 -0.1456874 0
0.08842319 1.496028 -0.08562647 1

-0.614951 0.4635183 0.6379544 0
0.7092038 -0.02861536 0.7044221 0
0.3447679 0.8856251 -0.3111321 0
0.08842319 1.496028 -0.08562647 1

-0.3961565 0.08989001 -0.9137355 0
-0.9180599 -0.03497522 0.3945904 0
0.003546551 0.9953337 0.09636196 0
-0.1764213 0.01788853 0.09262796 1

-0.3659879 0.08984892 -0.9262379 0
-0.9280843 0.03659592 0.3702575 0
0.06710338 0.9952729 0.07000992 0
0.2611002 0.01742007 -0.003724808 1

-0.0519199 -0.9973083 -0.05177573 0
0.998646 -0.05168306 -0.00590434 0
0.003212559 -0.05201226 0.9986413 0
0.1038088 1.562005 -0.07934281 1

0.7756632 0.6056147 -0.1777008 0
-0.3583333 0.6543413 0.6659088 0
0.5195609 -0.4528451 0.7245604 0
-0.05312674 1.455509 0.03326159 1

-0.144152 0.7851888 0.6022444 0
-0.7003296 -0.5109215 0.498495 0
0.6991127 -0.3499109 0.6235414 0
0.1742967 1.353354 -0.1755287 1

0.01297271 0.3573456 -0.9338819 0
0.998646 -0.05168342 -0.005904178 0
-0.05037601 -0.932541 -0.3575321 0
0.1038088 1.562005 -0.07934283 1

-0.1797079 0.7548367 -0.6308144 0
-0.0176014 0.638684 0.7692676 0
0.9835625 0.1493468 -0.1014905 0
-0.2451306 1.305598 0.07724869 1

-0.7086505 0.2799658 -0.6476369 0
-0.5570324 -0.7853748 0.2700021 0
-0.4330465 0.552092 0.7125062 0
0.2099792 1.158992 -0.3246054 1

-0.5095197 0.04972652 -0.8590207 0
0.8573811 0.1137078 -0.501965 0
0.07271621 -0.9922694 -0.1005707 0
-0.1957711 1.098271 0.2505114 1

-0.9742696 -0.04784925 0.2202472 0
-0.2152563 -0.09211115 -0.9722037 0
0.06680652 -0.9945984 0.07944125 0
0.4046209 1.082095 -0.1467219 1

-0.5258165 0.07791598 -0.8470214 0
0.8363175 0.2290626 -0.4981007 0
0.1552109 -0.9702887 -0.1856073 0
-0.09339873 1.086017 0.3497297 1

-0.8519325 0.5211197 -0.05143176 0
-0.4118145 -0.7274126 -0.5488897 0
-0.3234499 -0.446437 0.8343109 0
-0.1558596 1.09014 0.2701014 1

-0.3649552 -0.02828652 -0.9305951 0
0.9263155 0.08937706 -0.3659939 0
0.09352638 -0.9955968 -0.006416249 0
-0.1216077 1.089394 0.3645309 1

-0.1635782 0.01743199 -0.9863766 0
0.9857057 0.0437655 -0.1626938 0
0.04033305 -0.9988903 -0.02434178 0
-0.150747 1.090344 0.37256 1

0.008624624 0.1934311 -0.981076 0
0.998526 0.05091256 0.01881548 0
0.05358847 -0.9797925 -0.1927066 0
-0.1802986 1.09021 0.3745061 1

-0.9510933 0.2628983 0.1621896 0
-0.2137277 -0.1809648 -0.9599853 0
-0.2230276 -0.9477005 0.2283031 0
0.5475869 1.082495 -0.1407937 1

-0.7706939 0.3386897 -0.5397405 0
0.4977293 0.8488614 -0.1780422 0
0.3978639 -0.4058611 -0.8227884 0
0.4468741 1.077102 -0.1314722 1

-0.8781233 0.3590776 0.316169 0
-0.3585497 -0.05637293 -0.9318069 0
-0.3167673 -0.9316039 0.1782495 0
0.5386242 1.086384 -0.1713022 1

-0.7673366 0.4540747 0.4527818 0
-0.5212917 -0.03052135 -0.8528325 0
-0.3734298 -0.8904408 0.2601254 0
0.5243521 1.087186 -0.1979505 1

-0.6677684 0.514942 0.5375128 0
-0.6534317 -0.05965125 -0.7546312 0
-0.3565277 -0.8551472 0.3763126 0
0.5055026 1.086321 -0.2207768 1

-0.5034555 0.1046829 -0.8576557 0
0.8325952 0.3240573 -0.4491912 0
0.2309069 -0.9402282 -0.2503068 0
-0.07142448 1.082761 0.3851272 1

-0.857361 0.5136765 0.03268628 0
-0.1721872 -0.2263892 -0.9586964 0
-0.4850604 -0.8275775 0.2825461 0
-0.1081003 1.060925 0.2729846 1

-0.3621486 -0.01536777 -0.9319935 0
0.9266455 0.1022757 -0.3617572 0
0.1008795 -0.9946378 -0.02279847 0
-0.1056483 1.090631 0.4052254 1

-0.157472 0.06689306 -0.9852554 0
0.9862798 0.06071269 -0.1535142 0
0.04954836 -0.9959117 -0.07553571 0
-0.1440333 1.089628 0.4130444 1

0.00654521 0.01078876 -0.9999204 0
0.9967711 0.07995636 0.007386731 0
0.0800295 -0.9967405 -0.0102306 0
-0.1805752 1.084006 0.4059698 1

-0.8535275 0.5101625 0.1059447 0
-0.2730389 -0.2647444 -0.9248564 0
-0.4437785 -0.8183179 0.3652608 0
0.5873337 1.071508 -0.1475716 1

-0.6734309 0.3192375 -0.6667669 0
0.7381806 0.3388815 -0.5833076 0
0.03974139 -0.8850121 -0.4638682 0
0.4900792 1.058115 -0.1012143 1

-0.7618561 0.5943385 0.2575602 0
-0.3660486 -0.06698829 -0.9281812 0
-0.5344002 -0.8014203 0.2685921 0
0.5770243 1.070681 -0.1851281 1

-0.6620301 0.6367346 0.3953299 0
-0.5390177 -0.03800771 -0.8414364 0
-0.5207459 -0.7701458 0.3683734 0
0.5558466 1.068549 -0.2165343 1

-0.5659448 0.6711628 0.4787973 0
-0.6869184 -0.06272382 -0.7240222 0
-0.4559046 -0.7386517 0.4965323 0
0.5269184 1.069807 -0.2380152 1

-0.4832501 0.06892309 -0.8727642 0
0.8156666 0.3976056 -0.4202359 0
0.318052 -0.9149647 -0.2483613 0
-0.0530973 1.078951 0.4163482 1

-0.8654277 0.4931042 -0.0887839 0
-0.05919779 -0.2765949 -0.9591615 0
-0.497524 -0.8248297 0.268564 0
-0.06856902 1.037241 0.2714774 1

-0.3691645 -0.06572896 -0.9270368 0
0.920902 0.1084308 -0.3744096 0
0.1251287 -0.9919291 0.02050122 0
-0.0918536 1.091217 0.4407265 1

-0.166126 0.0529279 -0.984683 0
0.984555 0.06486183 -0.1626184 0
0.05526112 -0.9964901 -0.06288552 0
-0.1384032 1.087236 0.4482695 1

-0.00882732 -0.2517888 -0.967742 0
0.9972945 0.06841229 -0.02689687 0
0.07297748 -0.9653617 0.2505036 0
-0.180758 1.083705 0.4339033 1

-0.7440805 0.6676821 0.02332942 0
-0.3212554 -0.3269607 -0.8887581 0
-0.5857801 -0.6688027 0.4577817 0
0.6184044 1.052937 -0.1514282 1

-0.7171154 0.2641349 -0.6449632 0
0.6948425 0.3429265 -0.6321348 0
0.0542063 -0.9014621 -0.4294502 0
0.5211297 1.043396 -0.07047094 1

-0.6415881 0.745542 0.1803667 0
-0.360244 -0.08527524 -0.928952 0
-0.6771917 -0.6609807 0.3232885 0
0.6060446 1.048042 -0.1949391 1

-0.5765965 0.7484016 0.3277677 0
-0.5383551 -0.04625072 -0.8414479 0
-0.6145813 -0.6616312 0.4295738 0
0.5795155 1.045784 -0.2306682 1

-0.5049024 0.7517004 0.4242878 0
-0.6895632 -0.05559225 -0.7220882 0
-0.5192069 -0.6571577 0.5464137 0
0.5427285 1.051057 -0.2513907 1

-0.1082999 -0.9933676 -0.03862475 0
0.9260789 -0.08668464 -0.367238 0
0.3614541 -0.07554139 0.9293247 0
-0.04819372 0.8346881 -0.02296109 1

-0.231497 -0.9728279 -0.003858839 0
0.8448904 -0.1990831 -0.4965139 0
0.4822544 -0.1182018 0.86802 0
-0.02872148 1.013295 -0.0160164 1

0.05390065 0.9814463 -0.1840031 0
0.8860626 -0.1319257 -0.4441157 0
-0.4601919 -0.1391127 -0.8768128 0
-0.1112878 0.9051952 0.01269669 1

-0.3323226 0.9350436 -0.1235097 0
0.8893527 0.267112 -0.3707467 0
-0.3137016 -0.2330722 -0.9204338 0
0.03250795 0.8917354 -0.04432574 1

-0.1559047 -0.968753 0.1929024 0
0.8112959 -0.2369865 -0.5344495 0
0.5634647 0.07317772 0.8228925 0
0.00608294 1.159555 -0.01543625 1

0.2371116 0.8950009 0.3777921 0
0.9049945 -0.06221843 -0.4205536 0
-0.352919 0.4416964 -0.8248054 0
-0.1364889 0.4463208 0.09872715 1

-0.03306029 0.9184464 0.3941307 0
0.9153703 0.1860094 -0.3567207 0
-0.400998 0.349048 -0.8469458 0
0.1878853 0.4545564 0.01342108 1

-0.2311816 -0.9499594 0.2100765 0
0.735043 -0.3120007 -0.6019695 0
0.6373906 0.01525097 0.7703898 0
0.02828487 1.297512 -0.04290689 1

-0.2837786 0.5514318 -0.7844445 0
0.9111341 -0.09955915 -0.3995915 0
-0.2984846 -0.8282539 -0.4742042 0
-0.2248939 0.1126268 -0.04212973 1

-0.354442 0.5515321 -0.7550812 0
0.9263934 0.09797973 -0.3632529 0
-0.126338 -0.8283662 -0.545716 0
0.2002117 0.1121213 -0.1335273 1

-0.2366281 -0.9677988 -0.08586409 0
0.9237937 -0.196725 -0.3284881 0
0.3010186 -0.1570503 0.940597 0
0.07640348 1.495238 -0.08663265 1

0.7650859 -0.1548586 -0.6250298 0
-0.6393407 -0.06702699 -0.7659965 0
0.07672735 0.9856603 -0.1502891 0
0.07640348 1.495238 -0.08663265 1

-0.600682 0.4630354 0.6517508 0
0.7258508 -0.02588351 0.6873645 0
0.3351438 0.8859616 -0.320547 0
0.07640348 1.495238 -0.08663265 1

-0.3975317 0.08985291 -0.9131415 0
-0.9174663 -0.03500601 0.3959646 0
0.00364434 0.9953367 0.09633594 0
-0.1761503 0.01790981 0.09261095 1

-0.3659567 0.08987753 -0.9262472 0
-0.928099 0.03659082 0.3702241 0
0.06710438 0.9952695 0.07004315 0
0.2610927 0.01738705 -0.003830341 1

-0.07490402 -0.9958513 -0.0516654 0
0.9971861 -0.07464632 -0.006901824 0
0.003016416 -0.05203706 0.9986404 0
0.0925032 1.561085 -0.08079063 1

0.7873725 0.5911971 -0.1747311 0
-0.347399 0.659652 0.6664628 0
0.5092725 -0.4640535 0.7247731 0
-0.06269508 1.454858 0.03516057 1

-0.170955 0.8074889 0.5645667 0
-0.6893024 -0.5074481 0.5170669 0
0.7040144 -0.3007623 0.643355 0
0.1604509 1.352631 -0.1783478 1

0.02025446 0.3569193 -0.9339156 0
0.9971862 -0.07464676 -0.006901633 0
-0.07217712 -0.9311479 -0.3574268 0
0.09250321 1.561085 -0.08079064 1

-0.1610118 0.7600505 -0.629602 0
-0.0120202 0.636368 0.7712915 0
0.9868793 0.1317552 -0.09332693 0
-0.2575974 1.308516 0.07841256 1

-0.7135632 0.2623201 -0.6496269 0
-0.5449905 -0.7905126 0.2794189 0
-0.4402412 0.5534238 0.7070428 0
0.2027681 1.152749 -0.3180979 1

-0.5292516 0.07007125 -0.8455663 0
0.8457369 0.1234238 -0.5191302 0
0.06798674 -0.9898773 -0.1245836 0
-0.2133731 1.099757 0.2513424 1

-0.9756433 -0.06206693 0.2103985 0
-0.2040358 -0.09545315 -0.9742984 0
0.08055492 -0.993497 0.08046431 0
0.3987592 1.080698 -0.1396678 1

-0.5465813 0.1186167 -0.828962 0
0.8263453 0.2367608 -0.5109776 0
0.1356551 -0.9643001 -0.2274271 0
-0.1087491 1.085074 0.347845 1

-0.8516522 0.5237334 -0.01979068 0
-0.4262114 -0.7140571 -0.5553972 0
-0.3050121 -0.4645709 0.8313495 0
-0.173036 1.091111 0.269808 1

-0.3867858 -0.004054581 -0.9221604 0
0.9177812 0.09574717 -0.3853698 0
0.08985651 -0.9953979 -0.03331199 0
-0.1365979 1.088168 0.3633724 1

-0.1867718 0.04407569 -0.981414 0
0.9817316 0.04531195 -0.1847975 0
0.03632443 -0.9980004 -0.05173306 0
-0.1655402 1.08899 0.3720981 1

-0.01124357 0.1967654 -0.980386 0
0.9987419 0.05012902 -0.001393474 0
0.0488714 -0.9791687 -0.1970809 0
-0.1950386 1.088867 0.3747292 1

-0.96069 0.2299208 0.1555969 0
-0.2003315 -0.1861054 -0.9618894 0
-0.1922008 -0.9552491 0.22485 0
0.5416366 1.083193 -0.132294 1

-0.7686819 0.3265882 -0.5499703 0
0.4873577 0.8559123 -0.1729048 0
0.4142579 -0.4009413 -0.81709 0
0.4409245 1.076328 -0.1239897 1

-0.8900588 0.3346714 0.3095001 0
-0.3486356 -0.06235196 -0.9351815 0
-0.2936806 -0.94027 0.1721753 0
0.5329272 1.086944 -0.1628929 1

-0.776466 0.448327 0.4428364 0
-0.5116059 -0.03820175 -0.8583702 0
-0.3679133 -0.8930529 0.2590291 0
0.5189154 1.087532 -0.1896846 1

-0.6768805 0.5169433 0.5240248 0
-0.6431999 -0.06918755 -0.7625656 0
-0.3579471 -0.8532188 0.3793297 0
0.5003123 1.086386 -0.2127 1

-0.5281491 0.1669179 -0.8325838 0
0.8257231 0.329682 -0.4577019 0
0.1980891 -0.9292192 -0.311949 0
-0.08590712 1.080117 0.3824877 1

-0.8521908 0.5212211 0.04581355 0
-0.1815781 -0.2124849 -0.9601449 0
-0.4907135 -0.8265464 0.2757206 0
-0.1252925 1.06175 0.2709173 1

-0.3833266 0.00251061 -0.9236091 0
0.9182606 0.1085352 -0.3808116 0
0.09928774 -0.9940897 -0.04390951 0
-0.1196839 1.088345 0.403698 1

-0.1804634 0.09217079 -0.9792535 0
0.9825713 0.06201252 -0.1752382 0
0.04457391 -0.9938107 -0.1017549 0
-0.1578743 1.087181 0.4123789 1

-0.01340155 0.02111817 -0.9996869 0
0.9967907 0.07919513 -0.01169007 0
0.07892326 -0.9966359 -0.02211138 0
-0.194678 1.082557 0.4061708 1

-0.8734027 0.476143 0.1022483 0
-0.2568588 -0.2720155 -0.9273781 0
-0.4137515 -0.8362385 0.3598808 0
0.5817845 1.073584 -0.1387965 1

-0.6669555 0.3073182 -0.6787674 0
0.7426442 0.3480402 -0.5721426 0
0.06040858 -0.8856767 -0.4603554 0
0.4840167 1.058019 -0.09315833 1

-0.7783671 0.5749407 0.2521662 0
-0.3558808 -0.07317677 -0.9316615 0
-0.5171974 -0.8149164 0.2615688 0
0.5718492 1.072309 -0.1764273 1

-0.6675572 0.6384816 0.3830263 0
-0.5296106 -0.04560296 -0.8470137 0
-0.5233356 -0.7682848 0.3685892 0
0.5507843 1.069131 -0.2078602 1

-0.5686802 0.6813384 0.4608477 0
-0.6779972 -0.07103138 -0.7316235 0
-0.4657488 -0.7285139 0.5023398 0
0.5220203 1.069807 -0.2295058 1

-0.5154505 0.1523531 -0.8432664 0
0.8117178 0.4021948 -0.4235017 0
0.2746355 -0.9027891 -0.3309788 0
-0.06668095 1.074041 0.4127961 1

-0.8559878 0.5084483 -0.09361877 0
-0.05670908 -0.2723306 -0.9605305 0
-0.5138761 -0.8168944 0.2619458 0
-0.08599958 1.037718 0.268805 1

-0.3894266 -0.05428573 -0.9194558 0
0.9122719 0.1148165 -0.3931626 0
0.1269116 -0.9919028 0.004811078 0
-0.1050824 1.08825 0.4388797 1

-0.1891072 0.07691614 -0.9789391 0
0.9806409 0.06637604 -0.1842209 0
0.05080835 -0.9948258 -0.08797887 0
-0.1514224 1.083885 0.4473894 1

-0.02812602 -0.2350072 -0.9715863 0
0.9966332 0.06829178 -0.04536977 0
0.07701319 -0.969592 0.2322953 0
-0.1943036 1.081967 0.4340979 1

-0.7725864 0.63449 0.0230671 0
-0.3027019 -0.3361622 -0.8918326 0
-0.5581049 -0.6960006 0.4517759 0
0.613579 1.056251 -0.1425186 1

-0.7077392 0.2503835 -0.6606149 0
0.7023473 0.3502762 -0.6196888 0
0.07623812 -0.9025599 -0.4237606 0
0.5147687 1.043849 -0.06186168 1

-0.6596391 0.7307432 0.1757578 0
-0.3496428 -0.09135665 -0.9324178 0
-0.6653014 -0.6765119 0.3157615 0
0.6014984 1.050408 -0.1860327 1

-0.5761098 0.7554919 0.3119768 0
-0.5291275 -0.05379609 -0.846835 0
-0.6229941 -0.6529455 0.4307441 0
0.574651 1.046303 -0.2215542 1

-0.4997315 0.7679984 0.4005581 0
-0.6813525 -0.06300942 -0.7292377 0
-0.5348145 -0.6373448 0.5547654 0
0.5379069 1.050773 -0.2423799 1

-0.1294389 -0.9911563 -0.02924094 0
0.9142238 -0.107869 -0.390588 0
0.3839796 -0.07729007 0.9201011 0
-0.06341609 0.8345815 -0.01825283 1

-0.2388934 -0.9710302 0.005501733 0
0.8314591 -0.2074763 -0.5153924 0
0.5016031 -0.1185495 0.8569365 0
-0.04014307 1.012791 -0.01299534 1

0.03594809 0.98375 -0.1759063 0
0.877488 -0.1152616 -0.4652737 0
-0.4780314 -0.1376423 -0.8674504 0
-0.1241118 0.9065818 0.01856556 1

-0.3487925 0.9301427 -0.1147933 0
0.87684 0.2806686 -0.3900346 0
-0.3305987 -0.2367177 -0.9135636 0
0.01784319 0.8898325 -0.04208252 1

-0.1547576 -0.9676815 0.1991053 0
0.7980908 -0.2412404 -0.5521359 0
0.5823239 0.07345683 0.8096313 0
-0.004226631 1.15878 -0.0138225 1

0.225068 0.8957851 0.3832607 0
0.9046657 -0.0461611 -0.4233211 0
-0.3615464 0.4420778 -0.8208552 0
-0.1409192 0.4466301 0.1008104 1

-0.051712 0.9195611 0.3894994 0
0.911181 0.2029499 -0.358208 0
-0.4085038 0.3364435 -0.8484575 0
0.180921 0.4549449 0.01158892 1

-0.2220275 -0.9510991 0.2147432 0
0.7233582 -0.3083517 -0.6177962 0
0.6538018 0.01816847 0.7564476 0
0.01781195 1.296585 -0.04217649 1

-0.2837703 0.5514094 -0.7844632 0
0.9111684 -0.0994959 -0.3995295 0
-0.2983925 -0.8282771 -0.4742218 0
-0.2248338 0.1126438 -0.0420854 1

-0.3544106 0.5515618 -0.7550729 0
0.9264111 0.09799054 -0.3632073 0
-0.126316 -0.8283436 -0.5457548 0
0.2002015 0.1120942 -0.1336328 1

-0.2459255 -0.9659449 -0.08044454 0
0.9183664 -0.2056554 -0.338096 0
0.3100381 -0.1570241 0.9376671 0
0.06402519 1.494548 -0.08687358 1

0.7541991 -0.1538725 -0.6383627 0
-0.6527131 -0.06943597 -0.7544162 0
0.07175858 0.9856482 -0.1528034 0
0.06402519 1.494548 -0.08687358 1

-0.5867341 0.4604299 0.6661437 0
0.7418466 -0.02419051 0.6701329 0
0.3246635 0.8873666 -0.3273751 0
0.06402519 1.494548 -0.08687358 1

-0.3974805 0.08982151 -0.9131668 0
-0.9174901 -0.03506977 0.3959025 0
0.00356333 0.9953377 0.09633376 0
-0.1760917 0.01793061 0.09265844 1

-0.3659185 0.08991449 -0.9262581 0
-0.9281169 0.03657955 0.370184 0
0.06710251 0.9952652 0.07008699 0
0.2610771 0.0173548 -0.003937219 1

-0.09732696 -0.9939169 -0.05154566 0
0.9952486 -0.09705334 -0.007790603 0
0.002740441 -0.05205907 0.9986401 0
0.08075746 1.560269 -0.08140029 1

0.7984651 0.5777405 -0.1693206 0
-0.3393074 0.6641694 0.666145 0
0.4973162 -0.4744423 0.7263474 0
-0.07279027 1.453999 0.03742389 1

-0.1992542 0.8253151 0.5283492 0
-0.6789731 -0.505042 0.5328486 0
0.7066063 -0.2525629 0.6609985 0
0.1463609 1.352306 -0.180685 1

0.02743902 0.3563431 -0.9339522 0
0.9952486 -0.0970538 -0.007790498 0
-0.09341965 -0.9293011 -0.3573128 0
0.08075748 1.560269 -0.08140029 1

-0.1454172 0.7625145 -0.6304169 0
-0.009340779 0.6361034 0.7715467 0
0.9893263 0.1180852 -0.085378 0
-0.2704385 1.310988 0.07933661 1

-0.7179174 0.2522856 -0.6488038 0
-0.5371212 -0.7936344 0.2857358 0
-0.442826 0.5536214 0.705272 0
0.1956833 1.148012 -0.3114699 1

-0.545819 0.0883507 -0.8332316 0
0.8354735 0.1330581 -0.5331789 0
0.06376111 -0.9871627 -0.1464402 0
-0.2304974 1.101552 0.2524901 1

-0.9777863 -0.07470052 0.1958406 0
-0.1882036 -0.09839368 -0.9771889 0
0.09226638 -0.9923401 0.08214897 0
0.3928703 1.078717 -0.133266 1

-0.5637801 0.1575038 -0.8107673 0
0.817753 0.2441971 -0.5211988 0
0.1158959 -0.9568495 -0.2664724 0
-0.1240031 1.084725 0.3465664 1

-0.8509565 0.5251744 0.008037402 0
-0.4384123 -0.70178 -0.5615155 0
-0.2892536 -0.4813494 0.8274269 0
-0.1898168 1.09247 0.2699662 1

-0.4052878 0.01889161 -0.9139935 0
0.9101417 0.1023123 -0.4014651 0
0.0859281 -0.9945733 -0.05865997 0
-0.1515325 1.087533 0.3627057 1

-0.2065858 0.07040738 -0.9758919 0
0.9779064 0.04743829 -0.2035901 0
0.03196001 -0.99639 -0.07865172 0
-0.1802942 1.088212 0.3720207 1

-0.02826904 0.2007138 -0.979242 0
0.9985699 0.05014164 -0.01855006 0
0.0453771 -0.9783663 -0.201844 0
-0.2097348 1.088074 0.3752351 1

-0.9693754 0.1989043 0.144041 0
-0.1824583 -0.1907372 -0.9645352 0
-0.1643757 -0.9612786 0.2211876 0
0.5355771 1.083074 -0.1237612 1

-0.762535 0.3154642 -0.5648205 0
0.47917 0.861984 -0.1654675 0
0.434667 -0.3968205 -0.8084543 0
0.4348501 1.074901 -0.116958 1

-0.9030043 0.3087063 0.2988037 0
-0.3342554 -0.06785686 -0.9400365 0
-0.2699189 -0.9487342 0.1644617 0
0.5272777 1.086702 -0.1544887 1

-0.7878052 0.4409746 0.4300062 0
-0.4979307 -0.04505384 -0.8660456 0
-0.3625301 -0.8963886 0.2550683 0
0.513661 1.0871 -0.1814868 1

-0.6881644 0.5178174 0.5082275 0
-0.6294307 -0.07764763 -0.7731669 0
-0.3608963 -0.8519605 0.3793645 0
0.4954203 1.085705 -0.2047768 1

-0.5491405 0.2345368 -0.8021448 0
0.820305 0.3348204 -0.4636757 0
0.1598252 -0.912627 -0.376255 0
-0.1004423 1.078143 0.3804489 1

-0.8473096 0.5281947 0.05546118 0
-0.1878369 -0.2003578 -0.9615473 0
-0.4967729 -0.8251467 0.2689798 0
-0.1421122 1.063028 0.2695154 1

-0.4016826 0.02390175 -0.9154667 0
0.9107555 0.1149872 -0.3966132 0
0.09578688 -0.9930796 -0.06795687 0
-0.1338094 1.086707 0.4026742 1

-0.2000714 0.1156045 -0.9729372 0
0.978974 0.06389207 -0.1937215 0
0.03976747 -0.9912385 -0.1259566 0
-0.1718151 1.085322 0.4120748 1

-0.03013633 0.03486466 -0.9989373 0
0.9964845 0.07920719 -0.02729811 0
0.0781709 -0.9962488 -0.03712893 0
-0.2088282 1.081638 0.4066398 1

-0.892198 0.4416602 0.09443804 0
-0.2364285 -0.2785692 -0.9308602 0
-0.3848158 -0.8528398 0.3529599 0
0.5760881 1.074762 -0.1297808 1

-0.654496 0.2958269 -0.695788 0
0.7515003 0.3555087 -0.5557519 0
0.08295275 -0.886623 -0.4549933 0
0.4775977 1.057216 -0.08529413 1

-0.7966161 0.5532172 0.2436271 0
-0.3412438 -0.07889354 -0.936658 0
-0.4989542 -0.8292932 0.2516297 0
0.5667655 1.073203 -0.1675553 1

-0.6752287 0.6388921 0.368625 0
-0.5162594 -0.05240713 -0.8548273 0
-0.5268232 -0.7675098 0.3652208 0
0.5459953 1.069 -0.1991358 1

-0.5737973 0.6896565 0.4417366 0
-0.6656032 -0.07840957 -0.742175 0
-0.477209 -0.7198796 0.5040287 0
0.51749 1.069098 -0.2210759 1

-0.5439227 0.2480332 -0.8016398 0
0.8097209 0.4058572 -0.4238307 0
0.2202272 -0.879636 -0.4215925 0
-0.08045205 1.069605 0.4096492 1

-0.846282 0.5229774 -0.1014905 0
-0.05151387 -0.2699509 -0.9614947 0
-0.5302384 -0.8084684 0.2553955 0
-0.1030443 1.038674 0.2669582 1

-0.4076373 -0.03453447 -0.9124904 0
0.904547 0.1215256 -0.4086881 0
0.1250044 -0.9919876 -0.01830027 0
-0.1185088 1.085796 0.4375458 1

-0.2086769 0.09755632 -0.9731066 0
0.9768631 0.06843068 -0.2026224 0
0.04682283 -0.9928749 -0.1095789 0
-0.1646621 1.081189 0.4468594 1

-0.04418549 -0.2120857 -0.9762514 0
0.995795 0.06914637 -0.06009209 0
0.08024853 -0.9748023 0.2081386 0
-0.2079863 1.080663 0.4345461 1

-0.8006376 0.5988184 0.01989705 0
-0.2799428 -0.3445187 -0.8960685 0
-0.5297267 -0.7229964 0.4434694 0
0.6085665 1.058684 -0.1332185 1

-0.6914322 0.2367105 -0.6825607 0
0.7154291 0.3556628 -0.6013856 0
0.1004075 -0.9041417 -0.4152664 0
0.5077752 1.043576 -0.05321267 1

-0.6802374 0.7132416 0.1690101 0
-0.3345258 -0.09692239 -0.9373891 0
-0.6522033 -0.6941855 0.3045279 0
0.59711 1.05213 -0.1768354 1

-0.577419 0.7614028 0.2947095 0
-0.5159541 -0.06054654 -0.8544736 0
-0.6327547 -0.6454458 0.4278097 0
0.5701361 1.046158 -0.2123149 1

-0.4971148 0.7816727 0.3766503 0
-0.6696211 -0.06955447 -0.7394384 0
-0.5518007 -0.6197988 0.558001 0
0.5335196 1.049832 -0.2334163 1

-0.1495385 -0.988557 -0.01983889 0
0.9020058 -0.1281725 -0.4122588 0
0.4049985 -0.07954337 0.9108509 0
-0.07801583 0.8343996 -0.01378492 1

-0.2451356 -0.9693957 0.01343893 0
0.8184679 -0.2143599 -0.5330667 0
0.5196333 -0.1196743 0.8459665 0
-0.05112891 1.012141 -0.01021792 1

0.01896092 0.9856189 -0.1679146 0
0.8686566 -0.09935346 -0.4850926 0
-0.4948438 -0.1366746 -0.8581256 0
-0.1363596 0.907797 0.0240624 1

-0.3641833 0.9252931 -0.1058424 0
0.8643436 0.293518 -0.4080532 0
-0.3465334 -0.240112 -0.9067472 0
0.003698203 0.8878952 -0.03995059 1

-0.1527644 -0.9670847 0.2034956 0
0.7855051 -0.2437736 -0.5688199 0
0.5997038 0.07295138 0.7968899 0
-0.014274 1.157885 -0.0122384 1

0.2133728 0.8966548 0.3878885 0
0.9041247 -0.030904 -0.4258587 0
-0.3698984 0.4416453 -0.8173592 0
-0.1452247 0.4469716 0.1025707 1

-0.0703005 0.920526 0.3842757 0
0.9068276 0.2193487 -0.3595863 0
-0.4153628 0.3232524 -0.850253 0
0.173972 0.455275 0.009535896 1

-0.2120603 -0.9529233 0.2167208 0
0.7125217 -0.3025405 -0.6330734 0
0.6688372 0.02016849 0.7431354 0
0.007480744 1.295605 -0.04121761 1

-0.2837594 0.5513954 -0.7844766 0
0.9112096 -0.09941234 -0.3994574 0
-0.2982817 -0.8282971 -0.4742569 0
-0.2247789 0.112661 -0.04205055 1

-0.3543705 0.5516013 -0.755062 0
0.9264296 0.0979844 -0.3631648 0
-0.1263123 -0.828317 -0.5457962 0
0.200183 0.1120645 -0.1337382 1

-0.2540168 -0.9641922 -0.07621856 0
0.9132354 -0.2131438 -0.3472335 0
0.3185542 -0.1578087 0.9346763 0
0.05161941 1.493948 -0.08632632 1

0.7447589 -0.15143 -0.6499252 0
-0.663988 -0.07075334 -0.7443883 0
0.06673826 0.9859326 -0.153242 0
0.05161941 1.493948 -0.08632632 1

-0.5733044 0.4558361 0.6808345 0
0.7568796 -0.02358304 0.6531286 0
0.3137756 0.8897514 -0.3314929 0
0.05161941 1.493948 -0.08632632 1

-0.3974183 0.08979937 -0.9131956 0
-0.917519 -0.03515394 0.3958279 0
0.003466569 0.9953373 0.09634858 0
-0.1760386 0.01795034 0.09269565 1

-0.3658814 0.08996174 -0.926268 0
-0.9281326 0.03658535 0.3701473 0
0.06712062 0.9952601 0.07013391 0
0.2610517 0.01731838 -0.0040445 1

-0.1189101 -0.9915726 -0.05142429 0
0.9929023 -0.1186258 -0.008556928 0
0.002384647 -0.05207685 0.9986404 0
0.0689022 1.55955 -0.08114056 1

0.8089349 0.5653555 -0.1612369 0
-0.3343822 0.6680369 0.6647665 0
0.4835417 -0.4838384 0.7294431 0
-0.08316783 1.452951 0.04002314 1

-0.228404 0.8385689 0.4946048 0
-0.6697481 -0.5040569 0.5453106 0
0.7065894 -0.2067097 0.6767587 0
0.1323614 1.352353 -0.1824726 1

0.03444038 0.3556363 -0.9339898 0
0.9929021 -0.1186262 -0.008556818 0
-0.1138387 -0.9270659 -0.3571974 0
0.06890222 1.55955 -0.08114056 1

-0.1321785 0.7623174 -0.633562 0
-0.00993103 0.6381195 0.7698726 0
0.9911761 0.1080526 -0.07677523 0
-0.2834077 1.313006 0.07993492 1

-0.721224 0.2498352 -0.6460792 0
-0.533694 -0.7950017 0.2883451 0
-0.4415954 0.5527704 0.7067099 0
0.1888992 1.144777 -0.3049046 1

-0.5594237 0.1048118 -0.822228 0
0.8267023 0.1424423 -0.5443103 0
0.06006984 -0.9842381 -0.1663335 0
-0.2471028 1.103624 0.2539523 1

-0.9805399 -0.0859015 0.1765292 0
-0.1677049 -0.1009586 -0.9806543 0
0.1020622 -0.9911757 0.08458777 0
0.3869945 1.076156 -0.127449 1

-0.5776076 0.1943899 -0.7928309 0
0.8106029 0.2512737 -0.5289467 0
0.09639562 -0.948195 -0.3027104 0
-0.1390875 1.084897 0.3459115 1

-0.8500364 0.5257393 0.03218535 0
-0.4485416 -0.6904787 -0.5674934 0
-0.2761312 -0.4968268 0.8227483 0
-0.2061501 1.094169 0.2705747 1

-0.4206131 0.04044768 -0.9063376 0
0.9035336 0.1088863 -0.4144524 0
0.0819241 -0.9932311 -0.08234478 0
-0.1663423 1.087421 0.3625555 1

-0.2231491 0.09656144 -0.9699897 0
0.9744039 0.04990128 -0.2191973 0
0.02723743 -0.9940752 -0.1052251 0
-0.194945 1.087949 0.3723572 1

-0.04246929 0.2053305 -0.9777706 0
0.9981788 0.05068659 -0.03271191 0
0.04284294 -0.9773792 -0.2071089 0
-0.2243285 1.087778 0.376056 1

-0.9772031 0.1698006 0.1274424 0
-0.160064 -0.1948905 -0.9676763 0
-0.1394741 -0.9660156 0.2176265 0
0.5294258 1.082164 -0.1151289 1

-0.7520741 0.305241 -0.584134 0
